motorUp motorDown door0 door1 door2
1 1 0 1 0 -> 1
0 1 0 1 0 -> 1
0 0 0 1 0 -> 1
1 1 1 1 1 -> 0
0 1 1 1 1 -> 0
1 0 1 1 1 -> 0
0 0 1 1 1 -> 0
1 1 0 1 1 -> 0
0 1 0 1 1 -> 0
1 0 0 1 1 -> 0
0 0 0 1 1 -> 0
1 1 1 0 1 -> 0
0 1 1 0 1 -> 0
1 0 1 0 1 -> 0
0 0 1 0 1 -> 0
1 1 0 0 1 -> 0
0 1 0 0 1 -> 0
1 0 0 0 1 -> 0
0 0 0 0 1 -> 0
1 1 1 1 0 -> 0
0 1 1 1 0 -> 0
1 0 1 1 0 -> 0
0 0 1 1 0 -> 0
1 0 0 1 0 -> 0
1 1 1 0 0 -> 0
0 1 1 0 0 -> 0
1 0 1 0 0 -> 0
0 0 1 0 0 -> 0
1 1 0 0 0 -> 0
0 1 0 0 0 -> 0
1 0 0 0 0 -> 0
0 0 0 0 0 -> 0
